Rarity #,Token #,Rarity score
1,1,6
2,2,6
3,3,6
4,1080,348
5,1211,359
6,661,385
7,678,395
8,1108,427
9,1615,435
10,1475,447
11,21,450
12,102,453
13,1523,455
14,1524,479
15,104,483
16,1749,483
17,1643,484
18,121,486
19,1621,487
20,1767,487
21,1781,499
22,1843,510
23,1874,515
24,1654,516
25,915,516
26,534,518
27,1990,520
28,203,521
29,111,522
30,1330,524
31,1712,526
32,1824,526
33,1830,526
34,1641,528
35,802,530
36,174,533
37,288,534
38,613,538
39,895,539
40,1178,540
41,662,541
42,642,545
43,434,549
44,1511,551
45,1968,554
46,957,559
47,1368,560
48,589,560
49,827,560
50,937,560
51,1160,562
52,620,562
53,251,564
54,1033,569
55,105,569
56,1334,569
57,1723,569
58,73,569
59,504,570
60,199,572
61,471,572
62,1192,576
63,183,579
64,267,580
65,905,580
66,176,582
67,1627,583
68,405,583
69,1950,587
70,1447,588
71,836,589
72,195,590
73,1569,592
74,336,592
75,1691,593
76,1558,594
77,303,595
78,583,596
79,448,597
80,1443,601
81,1653,604
82,82,604
83,1497,605
84,470,605
85,753,605
86,1044,607
87,813,607
88,157,608
89,1097,609
90,1687,609
91,823,609
92,1462,611
93,1579,611
94,96,612
95,1051,613
96,1915,614
97,996,618
98,1732,621
99,1738,621
100,547,621
101,1644,622
102,663,622
103,7,622
104,1814,623
105,1009,624
106,749,626
107,721,628
108,970,629
109,1145,631
110,1541,631
111,87,632
112,1598,633
113,1469,635
114,1606,635
115,926,637
116,211,638
117,959,638
118,53,639
119,859,639
120,193,640
121,1478,641
122,272,641
123,480,641
124,506,641
125,724,641
126,277,642
127,223,644
128,460,644
129,1076,645
130,516,645
131,1158,646
132,179,646
133,452,646
134,1442,649
135,1785,649
136,570,649
137,1879,650
138,1337,651
139,473,651
140,1238,654
141,1281,654
142,976,654
143,1354,656
144,1753,656
145,518,659
146,189,660
147,1517,661
148,586,662
149,1458,663
150,1599,663
151,917,664
152,1325,666
153,1421,668
154,867,669
155,1329,670
156,688,670
157,1878,673
158,1900,674
159,1863,676
160,715,676
161,737,676
162,1010,677
163,1242,678
164,1464,678
165,961,678
166,1595,679
167,26,679
168,837,679
169,419,680
170,1624,681
171,221,681
172,1370,684
173,560,684
174,1236,685
175,1803,686
176,1901,687
177,50,687
178,646,688
179,412,689
180,1379,690
181,1170,691
182,565,691
183,1584,692
184,1986,693
185,1490,694
186,1576,694
187,1998,694
188,488,694
189,208,695
190,31,698
191,354,698
192,1571,699
193,991,699
194,442,700
195,1973,701
196,40,701
197,1142,702
198,162,702
199,1761,702
200,1772,702
201,1917,702
202,276,703
203,494,703
204,1057,704
205,143,705
206,341,706
207,650,706
208,844,706
209,967,706
210,1285,708
211,1809,708
212,1038,709
213,1055,710
214,302,710
215,1521,711
216,637,711
217,1331,712
218,185,712
219,1949,713
220,539,713
221,1231,714
222,1869,714
223,1873,716
224,593,716
225,90,716
226,1488,717
227,1774,717
228,148,718
229,391,720
230,1228,721
231,1924,721
232,401,721
233,484,721
234,552,721
235,1882,722
236,1796,723
237,706,723
238,872,723
239,1333,724
240,1356,724
241,558,724
242,1110,726
243,1548,726
244,705,726
245,751,727
246,1107,728
247,1171,728
248,296,728
249,62,728
250,945,732
251,968,732
252,1777,734
253,734,734
254,1916,735
255,523,735
256,1401,737
257,906,737
258,326,738
259,406,738
260,1117,739
261,1477,739
262,252,739
263,264,739
264,1568,741
265,165,741
266,950,741
267,980,741
268,1081,742
269,1456,742
270,603,742
271,804,742
272,112,744
273,615,744
274,946,744
275,478,745
276,658,745
277,1369,746
278,45,746
279,497,747
280,703,747
281,1113,748
282,1552,748
283,462,749
284,266,750
285,575,750
286,1936,751
287,1689,752
288,383,752
289,748,752
290,1776,753
291,329,753
292,633,754
293,1448,755
294,1457,755
295,404,755
296,439,755
297,1259,756
298,1752,756
299,618,756
300,1022,757
301,626,757
302,668,757
303,1501,758
304,1533,758
305,27,758
306,407,758
307,440,758
308,74,758
309,1204,759
310,1597,761
311,1762,761
312,561,762
313,640,762
314,1412,763
315,782,763
316,1271,764
317,1406,764
318,1964,764
319,1374,765
320,1377,765
321,1592,765
322,1427,766
323,1429,766
324,1826,766
325,46,766
326,1085,767
327,1029,768
328,1056,768
329,1353,768
330,1435,768
331,1766,768
332,88,768
333,888,769
334,186,770
335,1451,773
336,1959,773
337,1133,774
338,309,774
339,300,775
340,801,775
341,1987,776
342,41,776
343,1455,777
344,1609,777
345,1828,777
346,907,777
347,572,778
348,1433,779
349,160,779
350,1858,779
351,627,779
352,137,781
353,1560,781
354,1926,781
355,1293,782
356,1422,782
357,1275,783
358,1525,783
359,719,783
360,1351,784
361,1439,785
362,501,785
363,307,786
364,421,786
365,738,786
366,887,787
367,1317,788
368,310,788
369,1364,789
370,206,789
371,1659,790
372,1671,790
373,369,791
374,757,791
375,1861,792
376,892,792
377,1199,793
378,1079,795
379,1639,795
380,243,795
381,245,795
382,934,795
383,752,797
384,1201,798
385,951,798
386,1103,799
387,1886,799
388,1907,799
389,430,799
390,841,799
391,760,800
392,332,802
393,597,802
394,1883,803
395,866,803
396,1562,804
397,1197,805
398,106,806
399,18,806
400,382,806
401,269,807
402,76,807
403,847,807
404,944,807
405,12,808
406,205,809
407,1306,810
408,806,810
409,918,810
410,1261,811
411,1487,811
412,1016,812
413,1669,812
414,832,812
415,1870,813
416,1397,814
417,1489,815
418,461,815
419,550,816
420,92,816
421,1166,817
422,616,817
423,826,817
424,239,818
425,56,818
426,1077,819
427,1254,819
428,433,819
429,1463,820
430,1078,822
431,903,822
432,986,822
433,890,823
434,674,824
435,829,825
436,1416,826
437,178,826
438,657,827
439,1007,828
440,1770,828
441,150,829
442,1715,829
443,1240,830
444,1789,830
445,1509,831
446,1618,831
447,301,831
448,1808,832
449,29,832
450,367,832
451,635,832
452,800,832
453,1173,833
454,1452,834
455,1652,835
456,519,835
457,1906,837
458,1594,838
459,1717,838
460,1757,839
461,845,840
462,889,840
463,1426,841
464,1898,841
465,604,841
466,1054,842
467,1264,842
468,1876,842
469,707,842
470,1381,845
471,23,845
472,39,845
473,1100,847
474,287,847
475,220,848
476,373,848
477,85,848
478,533,849
479,549,849
480,790,849
481,1027,850
482,1795,850
483,994,850
484,1189,851
485,1041,852
486,13,852
487,639,852
488,1241,853
489,247,853
490,535,853
491,396,854
492,1726,855
493,426,855
494,900,855
495,1733,856
496,1905,856
497,1028,857
498,35,857
499,524,857
500,385,858
501,1200,859
502,1336,859
503,786,859
504,1790,860
505,636,860
506,1473,862
507,1581,862
508,1663,862
509,1958,862
510,1848,863
511,22,863
512,735,864
513,1630,865
514,1875,865
515,83,865
516,1058,866
517,1980,866
518,630,866
519,877,866
520,159,867
521,20,867
522,1104,869
523,1923,870
524,1939,870
525,1849,871
526,765,871
527,810,871
528,125,872
529,151,872
530,1851,872
531,631,873
532,289,874
533,1006,875
534,128,875
535,316,875
536,857,875
537,1215,876
538,1532,876
539,594,876
540,948,876
541,1390,877
542,1260,878
543,1025,879
544,1845,880
545,215,880
546,311,880
547,499,880
548,849,880
549,1596,881
550,214,881
551,57,881
552,914,883
553,1367,884
554,1647,884
555,469,884
556,702,884
557,129,885
558,793,885
559,940,885
560,1046,886
561,1102,886
562,262,888
563,654,888
564,1072,889
565,1212,889
566,1326,889
567,598,889
568,1031,891
569,1516,891
570,1714,891
571,1842,891
572,1284,894
573,1385,895
574,1940,895
575,393,895
576,1062,897
577,261,897
578,612,897
579,902,897
580,1012,899
581,1850,899
582,491,900
583,327,901
584,1646,902
585,1651,903
586,557,903
587,1719,904
588,204,904
589,1121,906
590,1485,906
591,1696,906
592,317,906
593,736,906
594,911,907
595,1404,908
596,324,908
597,685,908
598,1672,909
599,219,910
600,454,910
601,1806,911
602,1835,911
603,700,911
604,93,911
605,953,911
606,1094,912
607,323,912
608,1575,913
609,2000,913
610,424,913
611,821,913
612,1721,914
613,599,915
614,1269,916
615,1299,916
616,1620,916
617,1731,916
618,158,917
619,777,919
620,1313,920
621,1474,922
622,1444,923
623,1976,923
624,779,923
625,1183,926
626,1251,926
627,201,926
628,1605,930
629,127,931
630,1280,931
631,232,931
632,1496,932
633,1703,932
634,24,932
635,351,932
636,1561,933
637,265,933
638,1362,935
639,728,936
640,1852,937
641,1154,939
642,119,939
643,571,939
644,891,939
645,43,940
646,778,941
647,1588,943
648,172,943
649,858,943
650,4,944
651,985,944
652,641,945
653,1132,947
654,1989,948
655,1392,949
656,415,949
657,60,950
658,762,950
659,988,950
660,659,951
661,1866,952
662,347,952
663,1164,953
664,1186,954
665,498,954
666,1759,955
667,846,955
668,173,956
669,978,957
670,1993,958
671,587,960
672,1746,961
673,569,961
674,278,962
675,693,962
676,1682,963
677,1947,963
678,1983,963
679,1147,964
680,1681,964
681,315,964
682,563,964
683,799,964
684,1109,965
685,1486,965
686,1871,966
687,505,966
688,709,966
689,1258,967
690,1718,967
691,362,967
692,954,967
693,1114,968
694,330,968
695,1847,969
696,1984,974
697,366,974
698,1068,975
699,876,975
700,109,976
701,1788,976
702,670,976
703,1702,977
704,283,977
705,1389,978
706,581,978
707,1589,979
708,1856,979
709,527,979
710,1312,980
711,530,984
712,1290,985
713,1366,985
714,864,985
715,1015,986
716,255,986
717,420,986
718,1360,987
719,192,987
720,1071,988
721,1573,988
722,333,988
723,1577,989
724,1736,989
725,235,990
726,553,990
727,671,990
728,717,991
729,947,991
730,477,992
731,1636,993
732,1805,993
733,1668,994
734,1436,995
735,1175,997
736,880,997
737,768,998
738,1812,999
739,698,999
740,467,1000
741,942,1000
742,97,1000
743,250,1001
744,1400,1002
745,1890,1002
746,855,1002
747,525,1003
748,916,1003
749,622,1004
750,64,1004
751,70,1005
752,71,1005
753,733,1005
754,210,1006
755,1144,1008
756,1302,1008
757,817,1008
758,28,1009
759,1543,1012
760,182,1012
761,756,1012
762,600,1014
763,928,1015
764,1373,1017
765,52,1017
766,1393,1018
767,894,1019
768,776,1023
769,1629,1024
770,1084,1025
771,153,1027
772,578,1027
773,1656,1031
774,306,1031
775,606,1031
776,249,1032
777,246,1034
778,1531,1036
779,1565,1038
780,1322,1039
781,1413,1039
782,1754,1039
783,1985,1039
784,436,1039
785,538,1039
786,1919,1040
787,1013,1042
788,1014,1042
789,1540,1042
790,1951,1042
791,929,1043
792,1614,1045
793,485,1047
794,943,1047
795,1003,1048
796,1676,1049
797,664,1050
798,1150,1051
799,884,1051
800,580,1052
801,1604,1053
802,490,1053
803,812,1053
804,1064,1054
805,297,1054
806,1149,1057
807,1476,1058
808,619,1059
809,766,1059
810,423,1061
811,871,1061
812,449,1062
813,427,1064
814,1932,1066
815,1954,1066
816,684,1066
817,1184,1067
818,1938,1067
819,543,1067
820,1265,1070
821,120,1071
822,1185,1072
823,1276,1073
824,89,1073
825,38,1074
826,140,1075
827,1580,1075
828,344,1075
829,805,1077
830,1744,1078
831,913,1078
832,1040,1079
833,1232,1079
834,15,1079
835,1345,1080
836,1963,1080
837,447,1080
838,708,1080
839,1323,1081
840,1583,1081
841,1622,1082
842,1813,1085
843,1978,1085
844,1602,1086
845,379,1086
846,566,1086
847,975,1087
848,1941,1088
849,1995,1088
850,1218,1089
851,1255,1089
852,1425,1089
853,1528,1091
854,1937,1092
855,254,1092
856,1378,1093
857,608,1093
858,820,1093
859,212,1094
860,402,1096
861,769,1096
862,881,1096
863,1840,1097
864,1440,1098
865,656,1100
866,48,1101
867,1237,1102
868,1504,1102
869,429,1102
870,742,1103
871,767,1104
872,1930,1105
873,521,1105
874,411,1106
875,1282,1109
876,1193,1110
877,1921,1110
878,25,1110
879,342,1110
880,772,1110
881,781,1110
882,1745,1112
883,1551,1113
884,1859,1113
885,47,1114
886,611,1114
887,257,1115
888,559,1115
889,758,1115
890,1484,1116
891,256,1116
892,372,1116
893,517,1116
894,862,1116
895,869,1116
896,1655,1117
897,225,1117
898,666,1117
899,919,1117
900,1233,1118
901,19,1119
902,1339,1120
903,1996,1120
904,1226,1121
905,838,1121
906,1278,1122
907,677,1122
908,1032,1124
909,14,1124
910,686,1125
911,784,1125
912,1198,1126
913,1670,1126
914,1751,1127
915,489,1127
916,792,1127
917,797,1127
918,851,1127
919,443,1128
920,154,1129
921,528,1129
922,579,1129
923,363,1131
924,1459,1132
925,318,1133
926,729,1133
927,808,1133
928,526,1134
929,136,1135
930,1491,1135
931,1881,1135
932,1969,1137
933,675,1138
934,746,1138
935,1239,1139
936,1146,1140
937,1480,1140
938,284,1142
939,896,1142
940,1897,1144
941,750,1144
942,711,1145
943,852,1145
944,1506,1146
945,1320,1147
946,268,1147
947,395,1147
948,1530,1148
949,1899,1148
950,279,1148
951,863,1148
952,981,1150
953,164,1152
954,273,1152
955,122,1153
956,1460,1153
957,1348,1154
958,1137,1155
959,1613,1155
960,135,1156
961,1952,1156
962,602,1156
963,794,1156
964,1699,1157
965,691,1157
966,962,1158
967,590,1159
968,1637,1160
969,1962,1160
970,1970,1160
971,418,1160
972,791,1160
973,673,1161
974,787,1161
975,1018,1162
976,1343,1162
977,1750,1162
978,932,1162
979,1207,1163
980,141,1163
981,1372,1164
982,1328,1165
983,343,1165
984,414,1166
985,1675,1167
986,1380,1168
987,1550,1168
988,993,1168
989,59,1169
990,1098,1172
991,472,1172
992,482,1172
993,840,1172
994,1716,1173
995,1332,1174
996,1502,1174
997,1396,1175
998,1793,1175
999,78,1175
1000,1165,1176
1001,184,1177
1002,1017,1178
1003,1564,1179
1004,1361,1180
1005,242,1180
1006,576,1180
1007,979,1180
1008,1049,1181
1009,1706,1181
1010,1821,1182
1011,1864,1183
1012,55,1183
1013,1153,1184
1014,1701,1184
1015,280,1184
1016,893,1184
1017,1365,1185
1018,175,1185
1019,743,1185
1020,1155,1186
1021,188,1187
1022,540,1187
1023,853,1187
1024,166,1188
1025,1679,1188
1026,1585,1189
1027,1295,1191
1028,218,1191
1029,694,1192
1030,699,1192
1031,1961,1193
1032,1399,1194
1033,783,1194
1034,1801,1195
1035,1600,1196
1036,400,1196
1037,554,1196
1038,647,1196
1039,238,1197
1040,465,1197
1041,1518,1198
1042,345,1198
1043,360,1199
1044,69,1199
1045,830,1199
1046,904,1199
1047,1253,1200
1048,1894,1200
1049,5,1200
1050,1419,1201
1051,1780,1201
1052,79,1201
1053,992,1201
1054,200,1202
1055,789,1202
1056,1140,1203
1057,1277,1203
1058,1623,1203
1059,759,1203
1060,9,1203
1061,155,1204
1062,1953,1204
1063,1713,1205
1064,1997,1205
1065,72,1205
1066,956,1205
1067,1053,1206
1068,1203,1206
1069,1709,1207
1070,1755,1207
1071,483,1207
1072,1190,1208
1073,1304,1208
1074,1822,1208
1075,816,1208
1076,1130,1209
1077,1741,1209
1078,295,1209
1079,1219,1210
1080,1708,1211
1081,1908,1211
1082,435,1211
1083,879,1211
1084,1167,1212
1085,1471,1213
1086,231,1213
1087,321,1213
1088,1818,1215
1089,764,1215
1090,999,1216
1091,1116,1217
1092,1346,1217
1093,1786,1217
1094,1925,1217
1095,740,1217
1096,1966,1218
1097,1352,1219
1098,1177,1220
1099,346,1220
1100,94,1222
1101,955,1222
1102,161,1223
1103,1684,1224
1104,555,1224
1105,298,1225
1106,1039,1226
1107,1047,1226
1108,1507,1226
1109,1956,1226
1110,281,1226
1111,860,1226
1112,1410,1227
1113,1948,1227
1114,1836,1228
1115,1026,1229
1116,334,1229
1117,149,1230
1118,1804,1230
1119,1931,1230
1120,495,1230
1121,1587,1231
1122,1798,1231
1123,1868,1231
1124,1929,1231
1125,1327,1232
1126,1909,1232
1127,475,1232
1128,1617,1233
1129,1695,1233
1130,1739,1233
1131,49,1233
1132,545,1233
1133,1136,1234
1134,1724,1234
1135,1740,1234
1136,1944,1234
1137,1157,1236
1138,116,1236
1139,1758,1236
1140,229,1236
1141,763,1236
1142,1082,1237
1143,731,1237
1144,963,1237
1145,1782,1238
1146,1034,1239
1147,1292,1239
1148,1554,1240
1149,291,1240
1150,260,1241
1151,822,1241
1152,1135,1242
1153,1537,1242
1154,1685,1242
1155,712,1242
1156,1977,1243
1157,514,1243
1158,921,1243
1159,1632,1244
1160,831,1244
1161,1289,1245
1162,744,1245
1163,1257,1246
1164,6,1246
1165,1106,1247
1166,1127,1247
1167,1612,1247
1168,1943,1247
1169,1999,1247
1170,1662,1248
1171,551,1248
1172,655,1248
1173,86,1248
1174,8,1248
1175,741,1249
1176,1982,1250
1177,842,1250
1178,99,1250
1179,357,1251
1180,1214,1252
1181,138,1252
1182,170,1252
1183,398,1254
1184,997,1254
1185,1163,1257
1186,126,1257
1187,1844,1257
1188,1911,1257
1189,356,1257
1190,337,1258
1191,592,1258
1192,972,1258
1193,1310,1259
1194,1896,1259
1195,353,1259
1196,1073,1260
1197,361,1260
1198,1764,1261
1199,532,1261
1200,628,1261
1201,1880,1262
1202,32,1262
1203,476,1262
1204,882,1262
1205,479,1263
1206,584,1263
1207,922,1263
1208,1794,1264
1209,1288,1265
1210,387,1265
1211,98,1265
1212,1131,1267
1213,1245,1267
1214,1942,1267
1215,723,1267
1216,935,1267
1217,1640,1268
1218,1720,1268
1219,259,1268
1220,275,1269
1221,364,1269
1222,1535,1270
1223,1829,1270
1224,409,1270
1225,1608,1272
1226,36,1272
1227,466,1272
1228,1301,1273
1229,1971,1273
1230,652,1273
1231,825,1273
1232,1520,1274
1233,1799,1274
1234,924,1274
1235,359,1275
1236,1678,1276
1237,596,1276
1238,856,1276
1239,1544,1277
1240,230,1277
1241,614,1277
1242,1445,1278
1243,1994,1279
1244,1224,1280
1245,1375,1280
1246,1725,1281
1247,511,1282
1248,1603,1283
1249,1743,1283
1250,335,1283
1251,368,1284
1252,458,1284
1253,941,1284
1254,1152,1286
1255,1607,1286
1256,1763,1286
1257,1342,1287
1258,1735,1287
1259,878,1287
1260,274,1288
1261,966,1288
1262,1572,1289
1263,1408,1290
1264,1635,1290
1265,1729,1290
1266,1860,1290
1267,1061,1291
1268,1249,1291
1269,450,1291
1270,1000,1292
1271,1229,1292
1272,1841,1292
1273,1913,1292
1274,665,1292
1275,770,1292
1276,938,1292
1277,1815,1293
1278,1972,1294
1279,11,1295
1280,1694,1295
1281,68,1295
1282,1172,1296
1283,1631,1296
1284,689,1296
1285,1112,1297
1286,1468,1297
1287,1638,1297
1288,390,1297
1289,780,1297
1290,1610,1298
1291,81,1298
1292,697,1299
1293,974,1299
1294,1388,1300
1295,1359,1301
1296,75,1301
1297,644,1302
1298,481,1303
1299,1601,1304
1300,828,1304
1301,1011,1305
1302,508,1305
1303,964,1305
1304,1252,1306
1305,1481,1307
1306,422,1307
1307,1246,1308
1308,1287,1308
1309,1268,1309
1310,1707,1309
1311,500,1309
1312,304,1310
1313,1810,1311
1314,1129,1312
1315,124,1312
1316,437,1312
1317,1649,1313
1318,44,1313
1319,1059,1314
1320,1405,1314
1321,1515,1314
1322,30,1314
1323,312,1315
1324,1083,1316
1325,350,1316
1326,1693,1317
1327,177,1317
1328,1846,1317
1329,213,1317
1330,222,1317
1331,496,1317
1332,870,1317
1333,1128,1319
1334,1350,1319
1335,1092,1320
1336,1865,1320
1337,1967,1321
1338,1095,1323
1339,1220,1323
1340,607,1324
1341,714,1324
1342,1811,1325
1343,605,1325
1344,1048,1326
1345,42,1326
1346,1483,1327
1347,331,1327
1348,865,1328
1349,1461,1329
1350,61,1329
1351,1658,1330
1352,1769,1330
1353,1800,1330
1354,574,1330
1355,147,1331
1356,899,1331
1357,1414,1332
1358,1529,1333
1359,1831,1333
1360,34,1333
1361,1574,1334
1362,1148,1335
1363,1686,1335
1364,417,1336
1365,625,1336
1366,1300,1337
1367,1294,1338
1368,1674,1339
1369,1730,1339
1370,1138,1340
1371,207,1341
1372,610,1341
1373,1409,1342
1374,1778,1342
1375,546,1342
1376,785,1342
1377,1273,1343
1378,1472,1343
1379,191,1343
1380,1111,1344
1381,445,1344
1382,676,1345
1383,577,1347
1384,582,1347
1385,299,1348
1386,455,1348
1387,1318,1349
1388,1567,1349
1389,1855,1349
1390,103,1351
1391,1045,1351
1392,1974,1351
1393,224,1351
1394,113,1352
1395,248,1352
1396,146,1354
1397,1522,1354
1398,1578,1354
1399,1223,1355
1400,909,1356
1401,1321,1357
1402,464,1357
1403,716,1358
1404,965,1358
1405,1784,1359
1406,1123,1361
1407,653,1361
1408,730,1361
1409,1398,1362
1410,1673,1364
1411,1819,1365
1412,375,1365
1413,930,1365
1414,531,1366
1415,987,1366
1416,1096,1368
1417,1316,1369
1418,898,1369
1419,1591,1370
1420,1747,1370
1421,1893,1370
1422,293,1370
1423,747,1370
1424,960,1370
1425,1069,1371
1426,152,1371
1427,669,1371
1428,973,1371
1429,1975,1372
1430,1221,1373
1431,376,1375
1432,1151,1377
1433,171,1377
1434,683,1377
1435,1697,1378
1436,1216,1379
1437,1262,1379
1438,920,1379
1439,313,1380
1440,1088,1381
1441,1139,1381
1442,1505,1381
1443,216,1382
1444,237,1382
1445,588,1382
1446,1266,1383
1447,1454,1383
1448,591,1383
1449,1002,1384
1450,1665,1385
1451,1877,1385
1452,197,1385
1453,718,1386
1454,1536,1388
1455,1270,1389
1456,413,1389
1457,1355,1390
1458,1914,1390
1459,1394,1391
1460,319,1391
1461,338,1391
1462,425,1391
1463,901,1391
1464,1052,1392
1465,1453,1393
1466,1642,1393
1467,1756,1394
1468,1169,1395
1469,1286,1395
1470,1854,1396
1471,1946,1396
1472,1493,1397
1473,1547,1397
1474,1775,1397
1475,681,1397
1476,1904,1398
1477,320,1398
1478,645,1398
1479,100,1399
1480,897,1400
1481,1008,1401
1482,1191,1401
1483,1534,1401
1484,1024,1402
1485,1495,1402
1486,325,1402
1487,1115,1404
1488,1441,1404
1489,1470,1404
1490,1386,1405
1491,487,1405
1492,1087,1406
1493,1187,1406
1494,1418,1406
1495,796,1406
1496,1019,1407
1497,1711,1407
1498,1892,1407
1499,585,1407
1500,949,1407
1501,1570,1408
1502,194,1408
1503,1363,1409
1504,861,1409
1505,687,1411
1506,726,1411
1507,883,1411
1508,1344,1412
1509,1403,1414
1510,1823,1414
1511,348,1414
1512,1661,1415
1513,1311,1416
1514,457,1416
1515,486,1416
1516,1885,1417
1517,995,1418
1518,1180,1419
1519,1181,1419
1520,1182,1419
1521,241,1419
1522,621,1421
1523,1005,1422
1524,1383,1422
1525,544,1422
1526,568,1422
1527,380,1423
1528,1889,1424
1529,1991,1426
1530,285,1430
1531,1628,1431
1532,1314,1432
1533,1992,1433
1534,217,1433
1535,609,1433
1536,1867,1434
1537,134,1435
1538,1728,1435
1539,1965,1435
1540,352,1435
1541,37,1435
1542,835,1436
1543,1217,1437
1544,180,1437
1545,509,1437
1546,798,1439
1547,512,1441
1548,397,1444
1549,271,1445
1550,358,1445
1551,623,1445
1552,270,1446
1553,1357,1447
1554,1692,1447
1555,1891,1447
1556,927,1447
1557,181,1448
1558,290,1449
1559,58,1450
1560,1512,1453
1561,169,1453
1562,1086,1458
1563,1546,1458
1564,240,1458
1565,263,1458
1566,399,1458
1567,1213,1459
1568,1423,1459
1569,843,1459
1570,933,1459
1571,1935,1460
1572,819,1460
1573,107,1461
1574,1500,1461
1575,1431,1462
1576,1590,1462
1577,548,1462
1578,1210,1463
1579,1279,1463
1580,66,1463
1581,1432,1464
1582,908,1464
1583,463,1466
1584,1395,1468
1585,190,1468
1586,1188,1469
1587,1263,1469
1588,1619,1469
1589,355,1470
1590,682,1470
1591,1479,1471
1592,617,1471
1593,1593,1473
1594,643,1474
1595,1559,1475
1596,1650,1475
1597,233,1475
1598,1267,1477
1599,1118,1478
1600,1625,1478
1601,1853,1479
1602,1960,1479
1603,322,1479
1604,1545,1480
1605,522,1482
1606,1887,1483
1607,388,1483
1608,1834,1485
1609,328,1486
1610,1690,1487
1611,456,1487
1612,788,1487
1613,1174,1488
1614,416,1488
1615,384,1489
1616,403,1489
1617,958,1489
1618,1001,1490
1619,1832,1490
1620,923,1490
1621,739,1492
1622,875,1493
1623,977,1496
1624,1195,1497
1625,1179,1498
1626,989,1498
1627,1884,1499
1628,1430,1502
1629,1760,1504
1630,1922,1504
1631,848,1506
1632,394,1507
1633,1737,1510
1634,1225,1511
1635,1704,1511
1636,84,1511
1637,1298,1512
1638,1748,1513
1639,365,1513
1640,601,1513
1641,1067,1514
1642,1093,1516
1643,1508,1516
1644,1680,1516
1645,638,1516
1646,502,1517
1647,1205,1518
1648,1411,1519
1649,1611,1519
1650,692,1519
1651,1091,1520
1652,1070,1521
1653,1773,1521
1654,1030,1523
1655,1141,1523
1656,1742,1524
1657,1209,1525
1658,886,1525
1659,1792,1526
1660,1833,1528
1661,854,1528
1662,1787,1529
1663,1023,1531
1664,114,1531
1665,649,1534
1666,1838,1535
1667,67,1535
1668,196,1536
1669,1206,1540
1670,1297,1540
1671,931,1541
1672,1482,1542
1673,1074,1546
1674,1492,1546
1675,754,1547
1676,1021,1548
1677,850,1548
1678,936,1552
1679,1296,1553
1680,392,1553
1681,63,1553
1682,1196,1556
1683,228,1557
1684,493,1558
1685,1645,1560
1686,1324,1561
1687,868,1561
1688,133,1562
1689,1683,1562
1690,1933,1563
1691,1089,1564
1692,110,1564
1693,1466,1564
1694,1557,1565
1695,1247,1566
1696,1371,1566
1697,1539,1571
1698,541,1574
1699,811,1574
1700,1065,1575
1701,1667,1575
1702,651,1575
1703,236,1578
1704,377,1579
1705,410,1580
1706,1060,1582
1707,123,1584
1708,925,1585
1709,142,1586
1710,503,1586
1711,761,1586
1712,226,1587
1713,515,1589
1714,1358,1590
1715,441,1590
1716,156,1591
1717,834,1591
1718,1912,1596
1719,971,1597
1720,389,1598
1721,1303,1599
1722,1566,1599
1723,1467,1601
1724,1945,1601
1725,1519,1602
1726,51,1602
1727,1125,1606
1728,118,1609
1729,1120,1610
1730,529,1611
1731,1918,1612
1732,775,1617
1733,998,1617
1734,198,1618
1735,1274,1619
1736,80,1619
1737,1437,1620
1738,305,1620
1739,513,1620
1740,713,1620
1741,1503,1621
1742,1910,1622
1743,1920,1623
1744,1586,1625
1745,1700,1626
1746,1582,1627
1747,1839,1628
1748,1902,1629
1749,648,1629
1750,1037,1631
1751,1626,1631
1752,815,1631
1753,1820,1632
1754,1407,1634
1755,33,1635
1756,807,1635
1757,1927,1639
1758,660,1639
1759,292,1642
1760,1903,1643
1761,969,1643
1762,340,1645
1763,314,1647
1764,1391,1649
1765,1498,1652
1766,286,1658
1767,1402,1659
1768,672,1662
1769,727,1662
1770,1341,1663
1771,701,1668
1772,468,1670
1773,710,1670
1774,1734,1671
1775,1648,1674
1776,624,1674
1777,1208,1675
1778,1222,1675
1779,209,1675
1780,1234,1677
1781,983,1677
1782,1090,1678
1783,1420,1678
1784,1538,1678
1785,1657,1679
1786,984,1679
1787,145,1681
1788,1424,1682
1789,108,1685
1790,1698,1686
1791,912,1687
1792,1230,1689
1793,1382,1689
1794,1549,1689
1795,1272,1690
1796,1338,1692
1797,1450,1694
1798,1465,1694
1799,1807,1695
1800,833,1695
1801,667,1696
1802,17,1697
1803,982,1698
1804,1526,1701
1805,1527,1701
1806,562,1701
1807,1159,1710
1808,167,1710
1809,1162,1711
1810,1862,1712
1811,459,1713
1812,1797,1714
1813,874,1714
1814,1235,1715
1815,824,1715
1816,431,1717
1817,234,1722
1818,408,1722
1819,567,1724
1820,1256,1725
1821,1710,1726
1822,695,1727
1823,952,1728
1824,244,1729
1825,1168,1735
1826,1309,1735
1827,130,1735
1828,1666,1738
1829,629,1738
1830,732,1741
1831,1556,1743
1832,510,1743
1833,520,1745
1834,1634,1746
1835,474,1749
1836,1555,1751
1837,339,1751
1838,1075,1752
1839,1827,1752
1840,1250,1753
1841,1202,1754
1842,1817,1760
1843,349,1760
1844,294,1763
1845,910,1763
1846,378,1764
1847,131,1768
1848,1105,1769
1849,1315,1770
1850,1124,1771
1851,1542,1771
1852,1783,1772
1853,1020,1773
1854,818,1779
1855,1722,1782
1856,1307,1783
1857,1122,1784
1858,1449,1784
1859,1510,1784
1860,507,1784
1861,634,1785
1862,451,1790
1863,101,1793
1864,1349,1793
1865,1802,1793
1866,381,1793
1867,1417,1795
1868,814,1795
1869,1981,1801
1870,1791,1802
1871,1888,1802
1872,1227,1804
1873,1768,1806
1874,282,1806
1875,1979,1808
1876,168,1809
1877,386,1810
1878,117,1811
1879,1955,1812
1880,1066,1817
1881,1291,1817
1882,1837,1819
1883,1771,1820
1884,632,1820
1885,438,1824
1886,1553,1825
1887,1434,1828
1888,202,1834
1889,1161,1835
1890,696,1835
1891,1143,1836
1892,1660,1836
1893,91,1840
1894,725,1842
1895,1308,1843
1896,1664,1843
1897,556,1843
1898,10,1845
1899,453,1849
1900,1428,1850
1901,1988,1852
1902,432,1853
1903,1514,1855
1904,1438,1857
1905,1283,1859
1906,573,1859
1907,774,1861
1908,542,1864
1909,745,1864
1910,1494,1865
1911,144,1868
1912,803,1869
1913,95,1877
1914,1895,1878
1915,1101,1882
1916,537,1883
1917,227,1889
1918,1677,1890
1919,492,1894
1920,1957,1897
1921,374,1897
1922,16,1898
1923,1872,1898
1924,77,1898
1925,1042,1901
1926,1194,1906
1927,1319,1907
1928,1934,1908
1929,1387,1909
1930,771,1909
1931,1499,1915
1932,1616,1920
1933,1688,1920
1934,773,1920
1935,1563,1921
1936,1176,1922
1937,1063,1924
1938,595,1925
1939,704,1925
1940,1340,1931
1941,1816,1935
1942,679,1935
1943,564,1942
1944,428,1943
1945,1099,1944
1946,755,1946
1947,1156,1951
1948,253,1951
1949,1825,1952
1950,1415,1953
1951,308,1956
1952,65,1959
1953,1765,1960
1954,446,1960
1955,839,1960
1956,1243,1963
1957,690,1963
1958,536,1968
1959,1705,1970
1960,1305,1976
1961,1126,1977
1962,990,1978
1963,1928,1980
1964,371,1982
1965,1446,1989
1966,939,1997
1967,1384,2001
1968,1035,2004
1969,1633,2004
1970,873,2007
1971,163,2010
1972,1347,2023
1973,1727,2026
1974,1376,2029
1975,1513,2036
1976,187,2038
1977,370,2039
1978,1036,2040
1979,1119,2049
1980,139,2050
1981,132,2056
1982,54,2059
1983,1857,2068
1984,795,2069
1985,258,2070
1986,809,2070
1987,722,2074
1988,1134,2077
1989,680,2098
1990,1244,2105
1991,885,2106
1992,115,2111
1993,1043,2117
1994,444,2120
1995,1335,2142
1996,1004,2168
1997,1050,2178
1998,1779,2184
1999,1248,2192
2000,720,2209
